1565
5468
79915
5999
5594
318
1838
2159
749
3815
6351
1437
29994
3725
10919
283106
358
155
5340
3752
6158
2099
51426
9290
303
1252
2260
9734
2908
530
9971
4088
1436
817
3570
6198
147746
1559
360
552
3156
9682
29126
2651
427
2906
1906
354
3952
2648
5893
926
5605
2185
5604
2740
146850
5916
7015
1956
238
2237
6607
1576
1504
1232
6555
2261
7450
10376
8912
185
285
3265
2064
6311
1544
146
148
1080
920
7398
1119
2565
293
333
23385
3569
7421
4137
5336
27
390
6387
2625
6648
2534
1128
7531
560
7852
927
11
13
582
368
6863
3350
11224
3757
246
6
23552
2555
2650
1813
673
4128
4986
4790
1902
5159
2980
4363
7
1787
317
6204
20
28234
415
147
1993
664
580
367
7301
5600
7052
4313
1
2628
697
84617
23043
5683
4306
3674
5566
7153
1649
5728
4780
3615
299
10021
1557
6850
3767
3921
1141
1718
9099
641
338
5008
4233
3028
7525
2353
29
2603
2558
9817
282617
2719
3320
23533
653509
1637
5290
857
133
7253
23410
627
3417
1728
10038
3248
1719
154
3015
3596
4843
2539
59284
10383
1075
1577
1801
23284
1029
2475
2328
21
688
1797
2397
869
840
116
4893
3845
319
4
1479
1807
6240
458
55879
596
2030
2149
2902
116443
2597
29127
347688
3716
4129
1936
51561
3326
7150
724
2371
10951
2176
51053
2070
217
9367
23167
164684
4286
2660
782
256
23081
3315
64805
25
585
6774
1483
3
343
672
1806
25865
5286
348
775
2564
6258
31
2153
3418
3643
6530
2566
5970
347733
6366
2670
1836
2263
10411
4988
7020
51252
2492
410
332
26
213
2563
24
5965
5294
1593
2668
5141
5429
117
94025
19
768
6332
1375
125893
6916
5602
2327
7297
3791
123228
5467
6256
4255
5243
55342
5289
288
7157
10298
10381
262
322
1812
84790
5562
214
760
71
7846
735
2559
5423
6606
2744
291
1630
3357
5582
1633
278
1937
1012
7277
2379
369
9619
8317
4524
5788
3553
7278
11280
22
2554
90
2568
9212
5747
5293
357
307
9572
1024
7356
1835
494
7038
4193
2324
79728
5319
5465
3593
1804
6121
1758
595
360158
2671
2
112714
328
11201
57396
23416
2693
374
227
289
287
6335
203068
1312
323
867
38
839
6300
32
4170
8503
2348
1019
2618
1300
983
3091
3577
778
7042
2394
279
5599
248
3204
10
55851
4864
5427
355
249
381
2890
981
1356
4089
4914
245
54657
4353
6323
268
157
341
2049
1307
2442
605
23152
10062
1548
4831
200315
3558
6326
3480
6725
561
2084
3240
4357
1456
5296
3559
861
4650
54737
224
643
8856
84727
27091
8451
234
6772
2472
3932
101180976
1021
3082
2985
1014
347
9978
2931
216
2138
8438
1500
1224
1027
995
6331
83933
3066
1117
1020
1810
2189
4552
4915
10368
372
1945
51107
55193
3358
23621
1869
931
836
3565
196
1981
469
1298
15
122042
3605
58
2499
2205
10055
1026
2166
545
2155
6197
9131
65108
3356
1103
8913
1944
126
3964
7252
5328
675
3360
8569
2776
2767
4763
53353
6794
7248
7201
3269
6559
6557
153
6524
762
9340
2567
5241
7280
219
2904
2903
152
150
779
424
3717
1293
1286
57787
50509
1814
1129
2557
2556
2561
777
773
93589
6329
6336
6334
6328
151
4311
5142
5693
136
5687
5686
10013
55869
5291
8841
5568
10000
5583
5579
2322
5295
2535
2862
8321
10733
5590
1432
23683
4985
3062
2915
9376
1268
6869
2905
774
1139
3739
3749
5739
56479
1131
9132
4321
1137
4803
2065
945
3362
81027
3832
2562
781
785
27092
59283
3363
933
8795
2346
170572
960
57823
51135
2974
2913
7276
6532
432
2983
4048
29851
958
4882
7039
1499
4314
695
200909
8809
1938
142
3588
9294
894
896
208
1994
462
5347
366
4297
6714
11309
4987
390245
7376
4351
4916
6751
2548
9429
4221
1244
8202
598
8644
8484
50488
8019
60489
7494
5581
3064
8989
26013
6788
3824
58190
5603
640
1845
10382
55775
51752
207
8476
10645
5979
2444
5588
7341
140
113457
254
2224
7066
415116
4000
52
10170
2150
7251
6097
120892
1636
1196
116444
247
5586
14
7068
1455
2932
83942
4087
11069
9748
1452
10014
7442
1017
108
6195
59350
23435
2642
29796
10002
3043
9759
200316
1453
3690
387129
23576
2645
998
11183
3065
5163
9536
10203
2357
9263
2244
1025
5725
11200
8714
4067
5288
5287
2321
406991
5608
5156
5609
7476
7424
231
186
3237
290
301
604
2184
632
816
796
5617
50515
1154
5742
1543
1588
1545
1555
64816
1628
1786
1841
7298
2026
2012
2067
2214
2215
2729
51738
2697
27232
2872
2796
2922
2936
2944
3554
2950
3667
3683
3684
3726
7329
3689
3880
495
3931
3949
3990
4191
4312
2315
2158
4583
4609
4602
4842
4852
3084
5021
5320
5460
5580
5949
1457
6476
6517
6550
6531
54498
6717
6692
6736
55576
6822
412
6768
6898
445347
7035
7040
7057
7069
331
7490
51755
642
5972
2053
117583
9154
1493
1573
27347
345
10369
8676
201294
2560
54575
64078
131
136227
4337
89848
54541
1662
4741
2898
57521
5646
1394
64127
2052
51083
2892
2900
23236
3702
3105
7166
6505
10587
3106
6934
6580
56994
40
25970
9135
7905
57488
10840
91612
64714
7172
3117
1013
54659
2152
846
10599
55799
54658
2717
489
776
1614
346007
7100
39
5578
84871
2895
8973
10866
383
1591
1048
645
2069
80332
590
1066
54576
55270
7366
5743
1138
1140
51251
1562
79068
127254
345930
260293
3176
4846
873
5244
8529
2859
6687
6820
54578
54577
3107
6578
253782
266747
123688
7133
169026
7067
7364
54600
613
23387
4092
170679
84219
6480
124
6818
4056
113263
4336
205
112398
9692
4300
54579
144423
8792
5371
5727
3623
5732
5737
7357
2100
1816
5139
18
941
1134
2743
27115
79644
6715
553
3561
3460
3776
3777
51305
916
1890
6790
1018
65061
5128
5129
5601
1022
8558
5127
2066
7010
11255
2798
2901
2893
3552
835
100506742
7125
23649
5425
4586
3685
5
8
3598
12
2022
1923
1385
2436
1924
1839
2768
23
628
1560
34
969
28
30
1942
1948
41
42
1597
1594
1617
533
2350
59
77
60
61
1960
707
1376
212
2208
1961
1976
1973
1978
1361
1323
1369
1328
3600
1444
1396
2604
215
218
2487
2020
2654
644
1401
225
1808
1809
2609
1811
3175
222
223
344
404
405
929
2977
446
447
51208
453
457
459
1747
2658
2616
2617
2661
351
2619
2822
264
2763
639
4072
105
109
2829
1459
1247
1398
668
1805
521
382
442
801
563
2434
564
1515
2059
3497
2665
2669
2095
282
280
283
286
1815
5228
2062
1435
16
17
7293
578
579
7037
583
584
1749
3439
468
2121
6098
362
1770
298
4543
320
310
5028
1220
1219
1222
43
324
334
3253
985
594
593
496
2154
2156
1310
1294
1303
606
2395
2388
3006
23411
600
1524
1527
1529
1866
1525
1523
276
277
2197
2632
928
356
5133
359
1757
5695
3196
3009
5710
363
2421
5718
491
500
5707
498
507
5696
371
5689
308
5731
898
4869
83464
6138
6224
6125
6134
2956
8289
4771
5422
2146
930
10714
144455
27436
3718
763
4292
4436
4437
759
11238
4070
1132
5395
5426
5925
7428
3918
54106
679
562
509
1788
2104
4323
466
5152
2993
5144
6616
6752
53831
6608
2137
3123
5871
272
2106
783
508
2157
2646
220
2760
85301
130940
2109
62
80
68
2838
2160
1969
1720
26191
296
1503
4160
630
1977
2010
2046
529
6367
1081
5143
1256
4318
7915
2772
2526
4880
5058
335
4277
488
6795
581
2784
10267
1257
990
511
5879
7046
5741
512
570
100
2247
2140
5595
7486
5624
1837
1278
3751
84446
2094
2011
485
342371
69
2624
2952
22854
365
3351
340
1558
8324
1143
6354
3484
7124
7070
2938
831
4781
1108
1482
5704
472
312
2490
2771
11251
10039
5894
393
6753
8742
6416
1466
3455
57804
497
4791
1360
321
984
592
5778
1282
939
620
7849
149233
51564
4851
3576
226
7422
1111
2194
2213
1644
8534
871
2047
865
1488
422
5915
1269
10463
3164
6095
5914
311
5592
624
572
669
1848
269
3172
4853
29110
10111
7173
7498
3274
377677
6833
1288
1301
1144
554
3454
5557
3759
5698
5140
5682
122706
5713
79054
5170
135
134
3756
3741
5376
3551
5054
4635
2629
4860
329
597
797
7043
8639
3627
943
84894
2335
23308
3446
3447
4684
3448
1438
3352
9177
4352
54583
4061
23476
56413
915
1889
200576
3290
241
729230
9254
6870
961
11096
8737
3297
57337
2139
6622
9149
60482
834
9970
9612
2778
79885
2078
9448
8694
10188
4486
2358
1133
134864
10257
5300
5690
8850
4058
815
8444
3939
5563
5564
51422
4154
5292
2741
1859
6732
23408
2588
132
174
875
909
940
965
921
959
1158
93659
1147
1392
10855
6376
1571
239
10468
4923
2678
3098
3162
3308
3381
3586
3589
3606
3957
3976
4502
2516
4908
11331
5744
51150
6504
7132
6093
7161
7170
64061
8287
7432
10556
6817
161357
10269
121278
51497
5833
27006
51304
56339
9750
57721
3263
3119
30833
514
107
3382
119679
1727
57761
157310
152189
5663
270
5813
7259
1551
9722
55556
10644
27249
23327
79718
4982
2342
57105
445
3831
240
5627
10452
1045
9021
91607
54901
6338
9510
8140
6696
8824
4595
1553
6554
718
7365
3127
7515
6582
3038
26354
3784
874
2308
6401
9153
3359
116519
7098
79659
8517
285834
4671
5701
51547
330
57448
4751
28996
3654
1613
891
8647
53944
8648
3572
2626
3312
5315
4792
55872
9475
3984
2464
1878
1264
1480
1921
36
684
1245
685
1941
1943
3210
719
2749
2599
1624
54
2343
2344
56
57
76
63
3010
2786
2995
2340
2338
1255
1843
2636
2009
2970
342
2019
1799
622
603
868
2826
406
409
408
416
243
625
455
313
112
114
120
122
2045
1723
1695
682
678
677
2048
2866
968
2849
2824
380
384
441
573
543
547
542
1572
292
295
294
626
2103
3024
1495
1756
1498
2072
1634
3183
1631
1629
3112
1819
463
464
361
302
309
1873
2133
2136
2134
2135
481
327
484
325
326
370
1803
3145
1721
2386
2406
1258
2401
1477
2182
2976
2190
2811
2813
1528
352
275
1172
2206
3108
3242
364
2233
2238
1722
346
486
490
2424
1373
2269
812
306
3309
27250
3122
79001
5787
1050
4907
89845
2115
30849
55294
1233
5720
10213
5694
5714
2842
5692
338099
5711
7465
23463
5607
660
4282
1439
6778
53632
2428
1623
23235
9356
222236
10006
221
480
2494
2060
748
3451
686
914
6573
6263
2147
4921
54790
256130
84795
6361
5034
8698
1742
2675
6358
4017
1611
25942
23587
3560
6355
6581
890
1965
4922
1359
6777
274
204
6799
1344
2402
6199
89
6865
4288
3732
942
8161
50484
4953
3913
3915
1287
255631
1284
1292
1277
1302
1511
338567
255738
2249
2551
59341
3055
59340
2641
1241
3755
2959
27012
27133
3280
3754
90134
3747
93107
81033
3744
3788
3146
2891
23765
3786
3568
4634
10135
3458
3355
3452
3354
3385
93432
3481
728
3635
5530
3958
3456
3574
3556
51284
8807
1513
9170
3614
4023
50507
1901
10873
4494
4613
23192
4654
9833
7334
558
994
5621
6787
151306
57118
6613
2835
5409
5502
387
23178
57016
5898
5950
6382
6513
5613
1387
338442
1235
5734
29843
5770
7054
842
6609
23430
64499
7351
7423
7350
177
183
7358
1645
7417
811
818
1136
1393
1621
3337
3664
1828
9518
2885
2911
3660
5447
3858
4153
9261
5091
5111
5304
5337
5934
6579
6590
6750
51700
2313
5547
445329
339896
118
3753
442247
10090
23516
5494
64283
5980
2207
3566
140733
162417
8911
3486
4217
1374
3251
3115
3125
81794
7466
5230
9719
22978
6261
51733
50615
22914
53919
23315
2289
3592
4830
9172
64168
116085
6941
168400
3077
3133
81704
7916
85363
2880
51167
100422871
2035
90874
2917
3508
3060
1263
35
2791
2957
2730
1995
2000
1618
1997
534
91689
537
74
1321
1319
2821
7514
771
1400
127
6356
4886
2366
244
55964
451
454
450
1469
1748
55
151194
2032
2659
3075
2620
84
79698
2375
525
437
1395
602
601
2677
2718
2129
2130
1221
2965
2964
2858
1304
1308
1306
2391
1161
337
3007
3103
2221
1534
2521
2230
2418
588
502
2752
3063
6597
7018
567
4102
54206
4101
1441
5424
403223
4952
64065
70
623
610
2252
2055
1768
7855
5464
2042
9278
4778
9420
2056
1120
255
300
54107
53637
2929
2789
1620
55510
8836
10673
8000
10800
2331
25989
2912
1619
538
7372
420
7409
1821
492
864
166
535
2240
26054
3736
23373
9252
115019
285242
116988
6117
221955
116447
10110
4018
544
84868
54567
26168
1072
350
297
784
2280
10758
444
938
1145
2352
25828
1583
799
10268
2982
2550
284217
256076
6571
5706
7979
5691
11047
3746
3742
3743
1592
7099
6046
676
7294
7155
2690
1230
951
200186
5733
26986
2864
7137
9986
5029
4140
8798
27330
5406
10125
3965
2033
5781
7295
2272
2288
85569
3074
3211
3329
3316
3988
4498
10728
23040
5311
5321
2162
113026
1464
2869
3818
4772
4582
23409
1519
2792
2330
2598
528
1581
391
2889
1798
621
2016
2014
870
407
411
456
423
1750
608
1887
265
81
9
149
1817
1818
304
478
2994
2201
1173
1785
1784
1842
1660
505
1658
2282
2790
690
5155
3925
841
2846
3092
2119
536
161835
3973
66
988
1877
2745
1991
2733
747
1507
6598
2852
80781
706
700
1011
701
140803
3135
1840
3081
73
7381
1353
1844
339
3245
2833
2151
2169
2735
79444
591
1880
57659
169522
3909
6529
2737
2742
89832
2652
394
79789
3040
1736
100130889
1380
64072
8972
615
5684
4055
4317
425
1399
2667
1311
1492
2837
50604
526
271
2181
100302144
987
79670
2191
1234
2711
5685
6755
3676
3790
2017
131096
2029
9568
88
7200
1250
1402
2455
8549
1289
3061
59343
263
1584
2396
51185
2459
761
1700
1733
1290
1146
1696
917
674
5688
5700
5719
5708
9861
143471
5717
5699
5584
887
9312
10060
3567
3693
3445
3440
952
3443
10280
7134
6754
10232
3563
3039
8654
6523
2372
2246
727
4322
2264
973
7415
2757
5346
154796
266
3002
2569
10825
55662
433
1243
1242
2853
80201
3181
8493
5571
3276
2309
2584
947
1604
978
1471
2920
2312
2356
2621
3991
4158
100507436
5539
5783
5837
7803
6288
6566
6915
2082
7082
2080
8743
7431
2086
348980
4689
10563
100302251
154661
1407
6340
4547
6728
1639
79585
5335
10864
63976
6539
147700
10057
3161
54805
2881
64388
6810
813
9852
10941
10018
10584
29881
28755
2489
653
153339
9231
55644
1124
8638
3188
6585
6583
7097
1216
465
1283
1382
694
1596
1622
2347
388
2351
2863
2766
3104
1874
79
2362
2360
607
1424
1341
1612
413
417
414
418
2860
250
86
85
1800
1802
1708
165
680
662
2376
2132
3236
972
429
540
94
1240
2685
2097
1496
2073
2087
1638
1632
3141
470
2823
2590
2751
2168
1434
2170
2171
1485
1486
1484
611
2393
2630
353
2708
922
2552
2707
2520
2204
3247
3243
2257
392
504
305
253260
546
7033
1950
80380
5792
8314
11156
8242
1170
2118
235
57551
1530
2068
1549
531
251
2093
650
100379251
1795
283871
5702
1535
3182
190
503
3239
2268
114609
4296
4544
2102
2373
1625
2831
10320
6935
3230
4060
3738
4835
3023
29940
54880
2248
5327
5222
765
3911
3910
3914
1285
131873
1291
786
8325
5587
1909
5027
3787
23415
3750
3745
3785
58498
6007
7162
4162
1378
80351
3620
201633
4881
8808
2057
7090
6584
6595
64167
10054
5593
1987
55737
25780
6002
5373
1514
57406
5606
634
56616
11128
7430
2587
4493
644314
5047
9498
5329
2907
6462
6646
3953
283635
119678
10536
147929
10520
9314
63970
5565
6708
8490
1892
81029
4773
10928
10877
27159
3116
3713
6716
57834
23177
79651
6999
22943
2919
2725
33
708
389
2349
3086
1362
1883
1615
1823
3177
232
452
936
935
37
2039
1570
2591
273
2666
2664
281
284
2063
1377
750
2245
1888
467
2122
1763
1227
1299
2387
1162
1213
2631
1860
252
2225
2522
1115
3048
2633
2716
2239
2258
1759
1754
589
2423
501
2271
4194
5782
10735
137492
1171
2024
1516
3737
9564
5305
1391
100422999
50964
23600
3778
54535
3096
10017
7367
5880
599
766
10140
102
1989
5709
2105
8862
27181
1280
10097
434
3699
1871
2336
7363
731
728734
3764
8854
421
698
5664
2943
1586
3575
6347
2916
6868
5032
23216
3579
8812
3695
3688
1281
340267
5558
10266
5705
6257
2050
23643
3383
1903
3442
3444
7006
5478
152831
2888
2217
27035
59285
187
51311
5168
7139
2034
6647
8851
5651
2241
111
9641
5428
471
1271
999
1071
1910
4057
4025
4155
4760
5577
5868
7049
27010
6813
51706
4204
116369
84618
283446
1056
9513
9855
2110
4978
80339
7693
93183
29116
6775
84062
170680
28951
8837
4855
128553
6370
1371
4938
84159
50852
7957
84465
9156
8115
7296
112744
22933
1062
1881
716
60490
6164
128
23581
1675
1279
3070
1935
3093
3187
396
2363
2339
2734
1972
1337
1348
872
419
2044
671
2096
2098
1647
479
986
1476
2800
1489
2180
2801
3202
1752
510
2284
7249
5921
6016
201163
170850
1606
6241
5471
3102
4099
9308
3109
1389
8398
5567
58985
2359
4633
3908
26251
10846
1320
10912
112399
4625
1330
51548
9446
5020
2417
10734
1386
2377
10988
3001
10622
1191
10019
23632
3912
10319
22798
5716
54207
4889
5540
3748
4624
57644
3361
970
8784
64840
8658
23028
3956
9173
4887
5598
7026
55283
11343
27343
162466
5030
115
5261
55379
64170
1032
1725
5610
8772
2691
83729
3760
3727
3875
8050
6283
6019
7732
51741
4068
5873
2212
1550
94134
316
114769
487
7517
81608
5130
22871
51727
10413
7291
120227
3434
51347
51206
6337
8622
1934
2844
2845
1940
1789
2471
1998
3273
2345
1980
1979
1982
2027
1365
1332
1327
1397
2608
2365
253
1743
3222
83
156
3019
520
386
539
2054
2593
1497
476
3101
2390
1296
1297
1305
2167
1856
2219
1517
3241
614
499
1870
2426
2528
4615
440
6663
80243
51330
3673
3441
3449
81607
10223
4883
8424
9453
55117
9266
3178
2899
25824
112476
3624
2120
2209
6866
3804
8704
5551
339123
57476
10786
949
79529
27341
55625
6892
4904
386672
5729
79623
1585
5498
85413
5528
54084
55312
5789
8829
2731
80736
3799
2435
2465
2286
8030
2764
65
1988
2334
6223
6209
6194
6187
661
6188
2865
6222
431
1872
6169
2679
6176
2681
25873
1512
1494
9002
2383
2408
2404
1254
1487
2175
3203
2802
886
6404
23450
6009
6202
1454
9542
100422959
2981
48
64798
6135
6218
2615
1578
391051
1225
10197
1875
2875
23761
6165
64478
2285
8536
26960
6564
6159
5024
5745
57491
6122
2484
57817
3762
55867
477
482
3578
4049
974
6203
6132
6234
6156
6168
6205
254948
6155
6227
6142
6154
3821
6201
6144
6128
6124
6157
2914
7402
56963
3902
8740
2177
8445
1198
23617
11140
29943
1182
27306
2161
5430
1195
114548
79109
56034
4680
1667
2820
3628
182
3872
4496
4878
5068
6439
6525
6908
7056
2326
79898
7917
339105
55779
1580
319100
10345
3704
23097
80034
100616320
221322
147947
1000
1635
2949
114571
1952
6720
6374
6425
9470
1826
4295
10512
3763
57143
4111
9607
5967
6285
9168
148022
7520
7403
340273
255239
9152
2937
5236
2726
1949
1329
1366
902
1825
3017
2025
401
402
99
104
743
2680
2111
9232
1847
8832
2871
3220
1295
2145
2857
2385
58477
2211
833
93649
2640
51075
64109
7975
571
253559
3375
84063
286183
91703
5175
23076
83447
6208
283120
8797
1087
822
2728
6141
374860
2614
403
6173
4035
1791
746
2896
1605
8170
6231
2601
9349
2174
27233
3303
64106
1999
876
2841
6317
27163
6126
2746
5053
3180
2638
1610
1670
5654
1674
6344
5150
1642
11188
6402
7292
57142
3291
6193
6152
23521
6133
6137
4157
6210
6217
115650
5313
8570
9201
6275
7867
84335
54035
29893
5715
338091
9491
64137
56477
51744
1015
3429
4507
10631
5052
5730
5829
5697
5858
6390
5104
6507
7126
6272
1185
116379
79783
4548
3780
29128
375
25817
7361
54715
163227
10990
1760
3490
100048912
9365
4319
23384
259232
552859
126353
54518
79815
222962
4734
27303
55816
343450
6927
221458
51320
406901
56899
11320
375033
5888
3604
792
2723
1959
2354
1383
67
721
722
717
734
733
1975
1879
3244
2832
1616
780
2720
2722
64
1508
1990
699
2364
2850
3216
2005
1832
1833
2015
878
2031
130
110
2448
1698
438
443
385
2682
2704
2684
1502
2085
2125
1251
2861
2878
336
2392
2173
1521
2413
612
1416
2210
3189
493
1031
2990
745
646
666
10461
2303
516
515
5092
5816
6139
163
6170
2002
2795
23743
3005
285195
6136
22937
5803
5836
10718
5226
8794
5205
11040
2374
5069
2018
7178
2996
6175
6229
6129
655
57404
2117
3284
483
4293
3371
6233
6167
6171
3126
6191
6192
6232
6230
6228
4736
2497
9045
6161
6160
1876
55366
30816
1326
4082
2412
22861
8078
2198
2511
1538
23569
10886
6548
3416
11240
8029
2013
2876
22801
3687
54474
4145
4795
587
10914
7941
10535
6281
6670
7032
7307
83938
9582
23636
22809
57129
11252
189
285220
64318
7048
57194
79611
79072
8528
56853
3113
2114
1270
64241
6470
23245
23451
6565
9134
1790
1983
1358
2004
1249
2023
233
135656
2884
517
633
2847
2696
2384
3264
1853
2739
2431
5631
8660
436
5657
1490
9194
440081
6514
3426
54681
10747
27302
606500
2116
1827
8074
1274
1690
3143
3171
8600
6207
932
5136
5158
5151
5149
4294
6189
6147
1215
5338
23566
236
101730217
8061
2581
3205
3459
3549
3489
3609
3581
5550
375612
55534
4050
100132285
102464828
55959
22893
26127
497258
154807
170482
1446
1587
123
2199
2969
1418
3209
1381
6446
400
2673
2220
131578
2951
10525
1567
2077
3014
5138
744
1933
315
2592
92241
967
2278
50616
2243
1433
3305
2897
1886
9370
7299
5147
7786
9900
2222
7306
4854
6235
47
7136
79733
90865
170506
993
84634
80854
280644
151645
5721
8412
1325
2074
3067
3163
8692
4100
26873
5251
6273
6319
6556
9123
6876
7012
7060
9469
6792
5009
9771
11332
9355
652991
10762
2266
23514
4598
200765
10752
3980
23024
407011
5281
81537
10010
1388
1673
703
2607
3195
3215
1338
2637
3110
2613
1463
2451
2446
2443
2456
1710
2041
659
663
523
576
3097
1051
2090
2089
2083
55693
3100
2877
2712
1419
1417
2414
51684
2984
3208
2606
1109
386607
5154
1967
26115
7114
6872
55034
6206
756
8399
2235
7458
80224
4005
82
1181
4316
9175
6143
6146
5169
6536
59067
3073
7532
51702
5753
64223
1677
55619
5076
5479
84152
6518
8651
7980
7535
6427
23090
9972
57537
7272
26575
161176
7940
29119
22908
51716
11132
3645
2611
1467
267
1953
1627
3165
1324
838
1566
1831
1824
6403
229
230
1707
2674
638
3094
5165
3694
2886
1217
3696
2291
2290
3223
10683
1420
7317
63826
22800
1169
3661
1200
1430
80821
1971
50943
4214
1370
103
6862
5173
1472
5444
8379
10457
629
5146
5148
5137
5153
8621
5218
5591
8741
6130
5724
1536
3293
10769
5956
1043
266971
23198
9332
3384
3433
4481
653361
2649
6447
114836
7412
7433
6767
121512
112755
26121
6783
79648
2259
29104
348751
7369
3557
7203
50508
1656
188
1992
1352
2325
1822
877
2978
1705
1702
1706
665
2378
1640
989
2998
162
2714
2703
1422
6776
1010
2281
1579
7273
8190
6786
5145
635
375298
11011
30009
2843
79987
2788
2200
522
3488
575
4926
1830
10242
1851
23224
3678
6490
84870
51692
80310
1595
4601
27020
5777
6295
22938
6947
7528
8233
5203
4522
55902
100462812
113235
7128
3809
83716
57094
6928
7976
285761
435
57097
54516
5445
83888
53834
7083
1947
2999
2040
2071
3004
3057
1223
1226
2164
1855
3200
8883
9039
5322
2242
170541
1509
154075
6510
7177
7321
8301
267012
5534
9639
80704
23358
4234
3186
1204
2007
2006
3231
1501
2076
2148
1259
3224
5645
4942
5644
8312
5585
6352
966
3487
4688
5187
5360
5618
10993
6844
847
84883
22999
121130
4705
667
84318
8471
9474
130271
56901
26584
729
140885
2887
1030
4439
3783
3590
4709
4708
4718
4716
4722
51103
4729
23671
55107
4712
4700
51079
4707
4723
4694
4720
4715
4728
4717
4725
10803
28589
923
125
6976
80381
10507
7036
1915
162514
4139
11076
6789
2580
8986
1028
9615
3659
6855
9575
60412
723961
154141
146713
7512
23332
5122
5443
80319
200558
10253
9180
26011
10672
30820
23155
198437
57192
94026
7718
56852
9463
55697
339766
7408
2473
715
723
1468
1470
101
2380
1309
2143
2399
2553
1885
2273
8930
8358
4683
8924
1762
1275
1669
91942
720
2991
3226
925
57121
2274
25800
55967
78
924
5981
2710
4711
4713
4724
4706
4697
7511
6051
57140
55584
3803
3304
2316
10419
1429
9451
56848
9507
6346
885
3364
5366
7058
2595
10327
166012
28232
57101
91752
56884
10287
696
3492
57122
693
54625
8313
55057
147495
1717
378938
51214
3603
10848
7507
8840
11197
85461
63899
160492
440275
374900
149111
84059
221785
133482
4240
11334
2836
2840
2602
2605
1505
3068
1678
2594
2724
702
145
203
2453
2627
3136
3214
631
30848
9965
5442
4704
5596
2867
219983
5010
7508
121340
2940
64839
1697
2460
4698
4710
4731
2462
4702
4726
28653
84909
4345
8174
2028
22916
4686
4065
23547
971
2686
27040
79595
27148
1958
55589
10392
4495
8204
1648
339745
169044
60676
814
10225
5005
23240
387082
8089
11253
353189
3144
725
2834
3148
2945
1552
1408
3179
2409
2223
2400
1753
1491
3134
866
3221
2001
2954
6348
2341
1318
260334
4701
374291
3601
2839
84444
2142
3229
3228
10858
1794
56934
75
64849
2692
4695
126328
29078
5515
246100
6035
84867
5063
5499
7224
3313
4192
100506658
5266
3158
170692
83446
29101
3234
1273
1041
2231
1016
2721
726
1276
1443
23274
135112
170954
653247
2524
10524
65975
636
1447
8085
4143
5538
23549
4012
51056
1001
5536
1520
340061
6469
8576
4485
8013
4489
6262
54881
27130
55904
1445
442038
2939
10888
26298
5597
84873
57178
4121
339479
51631
84959
29954
92
1231
2997
705
3201
1354
87
2088
1462
1884
2427
5933
2514
2738
3169
3128
2251
284656
55111
714
732
54539
4719
4714
4159
163702
63929
254042
51162
139760
3812
8435
23012
10992
8877
6793
10498
821
3916
4838
162282
3779
123041
3482
92304
83461
2947
8320
2868
11005
84920
51310
196513
8828
10549
2572
51196
6718
152330
9025
2810
2794
3232
1966
1465
2882
3207
1314
2144
737
3016
2262
6773
6515
9520
58157
2709
400745
27087
730
256987
89790
11044
25915
8726
206338
57053
3802
133396
5516
1917
9024
51567
4593
1442
4133
7181
84890
1911
4925
4967
9378
125170
10514
8574
64409
6907
5723
84823
1740
100302267
1002
81624
10555
8945
26580
3612
2466
395
1272
549
2381
2988
2294
116449
79969
4696
3339
27329
1042
54093
80270
2195
85480
2234
8513
2051
2043
23173
79716
10892
4919
8767
2101
823
3479
5650
3636
860
9899
79750
26099
5820
7518
4745
319089
55757
3283
80895
64132
6713
2333
2948
1896
2369
2830
3085
736
3213
3020
2883
2429
58508
6196
54210
285852
55187
10098
144453
5325
5799
527
9049
1575
165140
6521
982
837
3011
843
55374
6362
5926
2405
84539
64067
1116
4142
57124
5452
8833
22987
7140
912
5037
6383
6654
9306
57620
11171
7003
8048
84107
1861
5997
200205
5297
1607
57115
8302
9935
84561
27327
693167
374378
10544
4868
937
2337
1556
72
1384
3194
1448
2496
2698
8505
1518
6929
9636
79822
3597
4504
11214
2411
5166
5031
25885
10499
6041
4968
5023
54802
219541
6509
64754
6890
54620
79817
163351
245812
116984
53942
1473
221935
246778
1317
79934
201973
80271
116987
80731
2295
683
6909
116931
4521
3827
94103
3938
4825
5079
1657
687
689
849
2361
2486
2457
1738
2498
2549
1755
2420
93100
6279
2600
3795
29941
55244
919
150368
3587
6678
27102
23193
7084
5033
8711
1908
84818
6770
22874
79991
9456
9992
23316
26130
64116
2533
2933
79188
51429
2382
2510
3235
2715
57650
5520
4638
55054
116985
10628
219790
2909
2873
10336
7075
4807
87178
93
5552
8550
10568
55351
4150
4909
219771
56946
9910
22882
261
2419
2422
2851
1792
1946
1957
2935
1194
3212
2874
2513
2433
5164
26872
55507
7220
197131
89932
345222
27068
22806
57556
127623
5629
692
1449
2081
1641
2894
